
-,-,-
-2.57,-0.23,9.26
-2.56,-0.20,9.31
-2.59,-0.22,9.31
-2.57,-0.21,9.30
-2.40,-0.84,9.39
-2.02,-1.05,9.48
-2.42,-0.89,9.36
-2.24,-1.10,9.45
-2.61,-0.80,9.35
-2.63,-0.17,9.36
-2.49,-0.68,9.32
-2.84,-0.15,9.20
-2.82,0.83,9.26
-2.71,1.47,9.25
-2.54,0.83,9.33
-2.76,0.04,9.27
-2.53,1.91,9.37
-2.45,1.20,9.35
-2.10,0.43,9.41
-2.42,0.86,9.39
-2.33,0.81,9.40
-2.69,0.34,9.25
-2.44,-0.55,9.41
-3.03,-1.78,9.23
-2.95,-2.60,9.18
-2.49,-2.34,9.33
-2.26,-0.65,9.41
-2.10,-2.99,9.42
-2.10,-1.80,9.42
-2.14,-0.88,9.37
-2.47,-1.09,9.32
-2.70,-0.28,9.33
-2.95,0.19,9.17
-3.05,0.71,9.20
-3.14,2.25,9.17
-2.71,1.94,9.26
-2.87,0.20,9.25
-2.05,2.94,9.53
-1.89,2.75,9.51
-2.24,1.02,9.37
-3.58,-1.30,8.98
-2.86,-0.00,9.23
-3.08,-1.54,9.18
-2.74,-1.93,9.29
-2.58,-2.46,9.31
-2.08,-1.23,9.47
-1.84,-1.03,9.52
-2.31,-0.85,9.37
-2.30,-0.69,9.39
-2.64,0.11,9.29
-2.93,0.31,9.22
-2.64,0.09,9.31
-2.57,-0.20,9.33
-2.57,-0.20,9.32
-2.55,-0.21,9.31
-2.58,-0.22,9.30
-2.58,-0.21,9.32
-2.59,-0.21,9.30
-2.39,-1.36,9.36
-2.64,-1.58,9.33
-2.12,-1.58,9.41
-2.64,-2.02,9.30
-2.46,-0.93,9.33
-2.55,-0.51,9.33
-2.53,-0.22,9.28
-3.15,0.73,9.13
-2.73,2.15,9.34
-2.68,2.00,9.26
-2.51,0.53,9.32
-1.76,2.40,9.59
-2.50,3.05,9.41
-2.86,0.37,9.17
-2.85,-0.13,9.23
-2.33,-1.16,9.43
-2.94,-2.35,9.20
-2.24,-3.58,9.42
-2.51,-0.45,9.34
-2.12,-3.58,9.40
-1.77,-2.66,9.48
-2.46,-1.92,9.33
-1.96,-1.22,9.48
-2.74,0.05,9.22
-2.99,2.79,9.22
-2.85,1.91,9.23
-2.83,2.62,9.28
-2.66,2.47,9.28
-2.20,3.46,9.51
-3.01,1.66,9.19
-2.99,0.82,9.13
-3.06,-0.59,9.22
-2.50,-2.17,9.36
-2.54,-2.08,9.39
-3.27,-3.35,9.08
-2.43,-1.29,9.36
-2.43,-0.80,9.39
-2.39,-0.99,9.34
-2.34,0.07,9.38
-2.42,-0.83,9.35
-2.57,-0.06,9.35
-2.58,0.48,9.34
-2.65,-0.12,9.31
-2.29,0.27,9.40
-2.80,-0.62,9.25
-2.60,-0.25,9.28
-2.49,-0.10,9.34
-2.43,-0.02,9.35
-2.45,-0.16,9.35
-2.56,-0.19,9.31
-2.54,-0.20,9.32
-2.56,-0.21,9.27


-,-,-
-2.51,-0.19,9.28
-2.89,0.44,9.22
-2.27,-0.71,9.39
-2.41,-0.53,9.34
-2.54,-0.14,9.35
-2.52,-0.26,9.32
-2.54,-0.21,9.35
-2.55,-0.21,9.35
-2.53,-0.21,9.31
-1.79,-1.84,9.50
-2.44,-1.41,9.33
-2.21,-1.34,9.40
-2.03,-1.52,9.46
-1.99,-1.10,9.47
-2.81,-0.53,9.25
-3.08,0.23,9.23
-2.92,1.27,9.28
-2.92,0.96,9.27
-2.49,1.44,9.35
-3.11,1.55,9.16
-2.59,1.14,9.34
-2.14,2.66,9.46
-2.36,1.19,9.41
-2.67,0.55,9.24
-2.29,0.70,9.32
-2.68,0.78,9.35
-2.11,0.90,9.50
-3.16,-1.78,9.11
-2.97,-2.89,9.18
-2.19,-3.21,9.42
-1.68,-0.22,9.58
-2.20,-3.55,9.41
-2.08,-2.04,9.43
-2.07,-1.77,9.43
-2.06,-1.03,9.47
-2.45,-0.98,9.36
-2.21,-0.14,9.42
-2.81,-0.02,9.21
-2.77,1.14,9.30
-3.33,2.36,9.12
-3.71,2.98,9.01
-2.67,2.63,9.30
-2.03,3.14,9.54
-2.67,1.45,9.32
-2.56,1.14,9.39
-2.00,1.06,9.58
-2.82,-0.58,9.23
-4.25,-3.45,8.80
-1.28,-1.37,9.62
-3.41,-2.88,9.08
-2.34,-1.03,9.39
-2.36,-1.29,9.38
-2.49,-0.35,9.36
-2.51,-0.20,9.33
-2.52,-0.21,9.35
-2.53,-0.21,9.34
-2.52,-0.21,9.31
-2.52,-0.19,9.36
-2.52,-0.23,9.34
-2.51,-0.18,9.38
-2.51,-0.20,9.34
-2.09,-2.11,9.41
-2.61,-0.91,9.31
-2.61,-1.81,9.31
-2.55,-2.12,9.32
-2.66,-1.36,9.29
-2.44,-1.21,9.38
-2.52,-0.42,9.30
-2.26,0.57,9.37
-3.28,2.06,9.18
-3.07,3.22,9.24
-2.68,1.72,9.27
-3.59,2.16,9.08
-3.62,2.41,9.07
-3.01,1.61,9.18
-1.90,0.84,9.62
-1.74,0.42,9.55
-2.68,-0.84,9.32
-2.21,-3.06,9.30
-1.64,-2.76,9.62
-1.38,-2.72,9.66
-1.99,-4.52,9.41
-2.46,-3.50,9.34
-1.99,-1.85,9.41
-2.76,-1.37,9.24
-2.47,-0.72,9.34
-2.87,-0.18,9.27
-3.66,1.64,9.04
-3.64,2.28,8.99
-3.09,3.35,9.29
-2.93,2.18,9.19
-2.60,2.15,9.29
-2.82,2.61,9.21
-2.39,2.26,9.36
-1.38,1.43,9.60
-1.46,-0.41,9.52
-2.60,-1.05,9.36
-2.54,-3.77,9.21
-1.88,-2.62,9.54
-2.55,-2.93,9.28
-2.08,-0.98,9.45
-2.53,-0.24,9.31
-2.26,-2.05,9.41
-2.13,-1.14,9.47
-2.41,-1.22,9.38
-2.26,-1.41,9.43
-1.72,-1.31,9.63
-2.32,-1.19,9.43
-2.37,-0.92,9.31
-2.58,0.45,9.33
-3.06,1.92,9.16
-2.84,2.78,9.25
-3.67,2.48,8.96
-2.27,3.92,9.48
-1.98,2.89,9.63
-2.88,1.17,9.24
-3.26,0.26,9.16
-2.52,0.20,9.37
-2.89,-2.84,9.18
-2.57,-2.77,9.32
-2.54,-3.53,9.25
-2.18,-0.27,9.45
-1.90,-4.16,9.46
-2.29,-2.09,9.39
-2.23,-1.67,9.33
-2.06,-0.74,9.46
-2.31,-0.92,9.30
-2.77,1.73,9.17
-3.18,2.84,9.18
-2.84,2.83,9.27
-3.04,1.57,9.20
-2.12,4.24,9.45
-2.35,2.80,9.31
-2.83,1.50,9.32
-3.00,0.88,9.12
-2.97,-2.80,9.17
-2.30,-2.05,9.39
-3.19,-3.37,9.11
-2.61,-2.09,9.36
-2.07,-1.07,9.44
-2.39,-0.41,9.40
-2.50,-0.21,9.34
-2.35,-0.35,9.41
-2.27,-1.42,9.36
-2.60,-1.91,9.33
-2.55,-2.21,9.30
-2.74,-2.17,9.28
-1.90,-2.30,9.52
-2.43,-0.90,9.35
-3.17,0.52,9.21
-3.19,3.16,9.19
-3.00,3.79,9.18
-3.11,2.10,9.19
-3.70,1.89,8.99
-3.01,2.53,9.18
-2.19,1.25,9.38
-2.66,2.58,9.35
-2.77,0.22,9.21
-1.97,-2.81,9.50
-2.05,-1.89,9.46
-1.63,-4.32,9.57
-1.69,-1.68,9.56
-2.16,-3.64,9.39
-1.57,-2.16,9.66
-2.44,-2.10,9.38
-2.88,-1.32,9.22
-3.05,-0.30,9.12
-3.87,1.87,9.00
-2.98,4.10,9.24
-2.29,2.75,9.45
-3.08,1.55,9.19
-2.85,3.47,9.27
-2.84,2.60,9.31
-2.45,0.99,9.33
-2.07,1.15,9.56
-2.30,-1.33,9.38
-2.14,-2.91,9.40
-2.52,-1.75,9.32
-2.32,-3.29,9.34
-2.22,-0.99,9.44
-1.95,-1.10,9.47
-2.49,-0.28,9.38
-2.38,-0.51,9.37
-2.37,-0.45,9.38
-2.66,-0.07,9.30
-2.60,-0.21,9.30
-2.72,0.05,9.29
-2.56,-0.21,9.33
-2.54,-0.20,9.35
-2.53,-0.22,9.34


-,-,-
-2.53,-0.22,9.26
-2.54,-0.20,9.35
-2.54,-0.20,9.33
-2.55,-0.19,9.31
-2.54,-0.19,9.31
-2.09,-2.47,9.48
-2.70,-1.01,9.26
-2.41,-1.61,9.37
-2.88,-1.84,9.27
-3.76,1.14,8.95
-2.62,3.95,9.38
-2.39,1.87,9.40
-1.82,4.68,9.64
-2.56,3.88,9.39
-3.57,0.49,9.04
-1.53,-0.69,9.57
-3.27,-2.74,9.17
-2.75,-4.20,9.22
-2.44,-0.91,9.35
-1.70,-3.72,9.54
-2.00,-2.95,9.53
-2.41,-1.42,9.34
-2.30,-0.46,9.36
-2.75,1.63,9.34
-2.90,2.36,9.22
-2.95,3.91,9.21
-3.08,3.91,9.23
-2.04,6.30,9.48
-2.99,1.07,9.25
-3.35,-1.32,9.09
-2.80,-2.12,9.29
-2.73,-4.40,9.22
-3.00,-3.31,9.19
-2.14,-1.90,9.41
-2.51,-0.22,9.34
-2.53,-0.25,9.30
-2.44,-0.67,9.34
-2.61,-0.46,9.30
-2.60,-0.92,9.29
-2.54,-2.43,9.31
-2.78,-2.66,9.29
-2.87,-3.06,9.18
-2.91,-2.29,9.22
-2.82,2.52,9.26
-2.67,6.04,9.29
-2.10,3.24,9.46
-4.38,3.86,8.84
-3.91,4.65,8.99
-2.60,0.22,9.33
-1.30,-0.36,9.77
-1.59,-4.83,9.65
-0.98,-3.50,9.74
-2.40,-1.34,9.37
-2.15,-4.29,9.39
-2.40,-2.60,9.36
-2.85,-1.06,9.18
-3.68,-0.18,9.03
-4.18,2.30,8.80
-2.31,4.74,9.39
-2.79,2.75,9.29
-3.13,4.13,9.19
-2.70,3.94,9.33
-2.08,0.06,9.51
-1.62,0.31,9.68
-2.29,-2.40,9.39
-2.44,-4.88,9.33
-2.27,-1.55,9.44
-1.96,-2.15,9.45
-2.52,-0.26,9.33
-2.26,-1.53,9.41
-2.56,-1.13,9.31
-2.51,0.81,9.33
-2.58,0.16,9.32

-,-,-
-2.50,-0.20,9.28
-2.23,-1.23,9.44
-1.93,-1.57,9.49
-1.83,-2.37,9.48
-2.29,-2.05,9.39
-2.44,-1.31,9.35
-3.18,0.06,9.22
-2.89,2.70,9.25
-2.87,3.01,9.23
-2.65,0.43,9.27
-2.00,3.65,9.57
-2.63,1.40,9.37
-2.59,0.74,9.30
-2.72,-0.25,9.28
-2.40,-1.39,9.39
-2.54,-3.45,9.28
-2.44,-4.02,9.34
-1.56,-2.14,9.64
-1.33,-2.83,9.70
-2.12,-1.66,9.41
-2.35,-1.17,9.44
-2.68,-0.64,9.24
-2.50,0.72,9.34
-2.90,3.21,9.25
-4.05,3.49,8.87
-2.89,3.70,9.29
-2.81,4.29,9.35
-3.58,1.24,9.05
-2.77,-0.33,9.30
-1.94,-1.88,9.55
-2.50,-2.83,9.39
-2.98,-3.33,9.18
-2.48,-2.09,9.33
-2.46,-0.63,9.34
-2.53,-0.19,9.33
-2.55,-0.20,9.32
-2.41,-0.51,9.36
-2.31,-1.67,9.40
-2.43,-2.15,9.37
-2.58,-2.78,9.30
-2.78,-2.59,9.19
-2.19,-1.43,9.44
-1.53,0.47,9.63
-3.36,2.40,9.05
-3.58,4.35,9.08
-3.56,2.55,9.06
-3.52,2.98,8.95
-3.38,2.59,9.07
-2.71,0.84,9.26
-1.95,0.56,9.52
-2.21,-2.09,9.42
-1.92,-3.64,9.54
-0.67,-3.54,9.85
-2.05,-4.74,9.39
-2.11,-3.57,9.38
-1.70,-1.95,9.52
-3.27,-2.07,9.12
-3.74,-0.52,9.00
-3.68,2.83,9.06
-2.86,4.75,9.25
-1.96,3.92,9.53
-3.58,3.17,9.07
-3.23,3.08,9.20
-2.08,1.43,9.46
-2.34,0.90,9.42
-2.50,-1.41,9.29
-1.90,-3.69,9.48
-1.52,-2.84,9.63
-1.87,-2.28,9.48
-1.99,-1.14,9.48
-2.42,-0.26,9.39
-2.36,-1.28,9.40
-2.04,-1.78,9.48
-1.93,-2.07,9.51
-2.02,-2.60,9.45
-2.80,-2.29,9.29
-2.36,-1.40,9.37
-2.73,0.88,9.26
-3.11,2.98,9.18
-2.94,4.49,9.25
-3.44,0.85,9.04
-0.78,5.13,9.86
-2.17,2.40,9.46
-2.32,0.33,9.25
-2.55,0.36,9.30
-4.19,-3.79,8.88
-2.57,-4.19,9.29
-3.45,-3.38,9.06
-2.08,-4.01,9.45
-1.64,-3.57,9.56
-2.36,-1.82,9.43
-2.21,-0.65,9.50
-2.33,0.17,9.46
-2.58,1.93,9.35
-2.68,3.20,9.24
-2.83,4.24,9.22
-2.38,5.41,9.52
-2.42,5.20,9.42
-3.80,0.98,8.93
-3.10,-0.01,9.18
-3.23,-3.68,9.18
-2.70,-4.24,9.22
-3.00,-3.70,9.18
-1.56,-1.68,9.59
-2.61,-0.25,9.32
-2.46,-1.39,9.37
-2.01,-1.14,9.50
-2.91,-2.77,9.20
-2.69,-3.09,9.29
-2.63,-2.60,9.39
-3.51,0.07,9.04
-3.02,3.54,9.28
-2.67,4.89,9.34
-2.47,1.77,9.36
-3.02,2.84,9.22
-3.36,3.19,9.06
-2.69,0.75,9.31
-2.29,0.23,9.46
-2.55,-2.97,9.31
-1.83,-3.60,9.50
-0.10,-3.79,10.06
-2.56,-5.51,9.27
-2.06,-4.06,9.49
-2.05,-1.72,9.38
-2.60,-0.71,9.33
-3.31,0.34,9.06
-3.83,3.11,8.99
-3.23,4.29,9.20
-2.30,2.98,9.45
-3.66,3.43,9.02
-3.18,3.85,9.15
-1.85,1.54,9.58
-1.24,-0.06,9.65
-2.38,-1.83,9.24
-1.76,-3.21,9.51
-1.56,-4.19,9.65
-2.01,-2.43,9.46
-2.51,-0.29,9.33
-2.00,-2.96,9.49
-1.66,-1.56,9.59
-2.18,-2.33,9.46
-1.90,-2.62,9.49
-2.84,-1.91,9.18
-2.63,1.05,9.34
-2.56,3.50,9.34
-2.98,4.38,9.20
-3.00,3.06,9.23
-1.48,4.23,9.73
-3.08,2.18,9.23
-2.69,-0.13,9.25
-3.38,-2.58,9.04
-2.97,-3.80,9.11
-2.37,-4.42,9.35
-1.64,-4.61,9.60
-2.53,-3.89,9.40
-2.24,-2.31,9.48
-2.13,-1.13,9.45
-2.72,0.50,9.32
-2.54,2.13,9.41
-2.44,4.80,9.33
-3.04,4.28,9.18
-1.84,6.34,9.52
-2.36,4.81,9.38
-3.63,0.22,8.93
-2.45,0.53,9.40
-3.68,-3.23,9.01
-3.06,-4.66,9.17
-2.54,-3.34,9.27
-1.93,-1.91,9.55
-2.45,-0.45,9.34
-2.49,-0.76,9.33
-2.47,-0.92,9.39
-2.48,0.03,9.35
-2.48,-0.04,9.34
-2.59,0.01,9.32
-2.35,0.30,9.39
-2.47,-0.18,9.32
-2.53,-0.18,9.34
-2.90,0.83,9.22






-,-,-
-2.47,-0.32,9.29
-2.40,-0.56,9.34
-2.12,-1.89,9.43
-2.05,-0.22,9.51
-2.19,-0.68,9.43
-2.23,-1.25,9.43
-2.41,-1.28,9.31
-2.62,-1.20,9.18
-2.65,-0.19,9.26
-2.95,0.44,9.26
-2.72,2.52,9.27
-3.27,1.84,9.14
-2.49,4.00,9.40
-1.98,2.75,9.56
-2.58,1.24,9.35
-2.62,0.79,9.29
-2.49,-1.07,9.30
-2.92,-4.04,9.19
-2.16,-3.78,9.38
-1.74,-3.57,9.50
-1.36,-3.50,9.61
-1.44,-1.64,9.65
-2.09,-1.33,9.40
-3.00,-0.44,9.11
-3.20,0.84,9.17
-2.90,2.61,9.36
-2.90,3.15,9.24
-3.26,2.26,9.13
-2.05,3.89,9.44
-2.35,3.00,9.30
-2.60,1.17,9.27
-2.96,-1.38,9.17
-3.19,-3.09,9.12
-2.83,-3.01,9.30
-3.47,-3.63,8.99
-1.86,-1.97,9.55
-2.47,-0.24,9.33
-2.46,-0.93,9.36
-2.33,-0.49,9.38
-2.71,-1.07,9.25
-2.82,-1.57,9.21
-2.58,-2.19,9.38
-1.85,-2.40,9.48
-2.03,-1.28,9.48
-2.09,-0.26,9.51
-3.28,1.74,9.09
-3.61,3.94,8.97
-3.77,2.85,8.97
-3.06,2.92,9.15
-2.45,2.81,9.37
-3.00,0.98,9.29
-1.83,-0.02,9.57
-2.67,-2.93,9.18
-0.83,-2.50,9.75
-0.83,-4.64,9.81
-2.29,-4.74,9.36
-2.08,-3.48,9.46
-1.90,-2.01,9.47
-3.36,-1.80,9.08
-4.72,-0.58,8.83
-4.03,2.88,8.89
-2.42,5.12,9.28
-2.34,3.09,9.40
-2.25,4.45,9.47
-1.50,3.72,9.70
-2.06,3.25,9.36
-2.00,0.29,9.28
-2.78,-1.93,9.39
-1.62,-2.81,9.59
-2.70,-5.09,9.23
-2.26,-2.34,9.44
-1.76,-2.19,9.58
-2.67,-0.38,9.28
-2.31,-2.32,9.39
-1.97,-1.43,9.53
-2.45,-2.62,9.32
-2.13,-3.07,9.39
-2.29,-3.09,9.30
-2.15,-0.30,9.45
-2.46,1.89,9.50
-3.24,4.41,9.13
-3.57,5.01,9.09
-2.90,2.72,9.27
-1.62,5.03,9.63
-2.98,0.97,9.19
-2.44,1.72,9.37
-3.37,-3.86,9.06
-2.13,-3.78,9.49
-3.06,-5.46,9.17
-2.08,-4.73,9.43
-1.79,-3.66,9.47
-1.63,-2.41,9.62
-2.35,-1.26,9.37
-2.60,1.47,9.35
-3.06,3.60,9.25
-2.97,4.34,9.17
-3.41,3.63,9.11
-2.96,4.74,9.19
-3.06,3.05,9.15
-2.47,1.27,9.49
-2.44,-1.71,9.28
-2.24,-3.24,9.36
-2.30,-2.43,9.29
-2.91,-3.16,9.21
-2.42,-1.76,9.31
-2.52,-1.29,9.35
-2.16,-0.75,9.44
-2.51,-0.20,9.36
-2.48,-0.19,9.33
-2.46,-0.36,9.35
-3.11,1.93,9.16
-4.77,1.93,8.72
-2.87,-1.79,9.19
-1.12,-1.88,9.70